4289.0 1.0
4575.0 1.0
5054.0 0.9
5493.0 0.81
5994.0 0.729
6524.0 0.6561
6988.0 0.59049
7484.0 0.531441
7982.0 0.4782969
8444.0 0.43046722
8914.0 0.38742048
9362.0 0.34867844
9820.0 0.3138106
10291.0 0.28242955
10710.0 0.25418657
11163.0 0.22876793
11597.0 0.20589113
12027.0 0.18530202
12491.0 0.16677181
12986.0 0.15009463
13486.0 0.13508517
13972.0 0.12157665
14458.0 0.10941899
14872.0 0.09847709
15315.0 0.08862938
15773.0 0.079766445
16226.0 0.0717898
16650.0 0.06461082
17116.0 0.058149736
17617.0 0.052334763
18141.0 0.047101285
18646.0 0.04239116
19109.0 0.038152043
19571.0 0.03433684
20045.0 0.030903155
20521.0 0.027812839
20975.0 0.025031555
21462.0 0.022528399
21957.0 0.02027556
22423.0 0.018248003
22911.0 0.016423203
23384.0 0.014780883
23844.0 0.013302795
24319.0 0.011972515
24808.0 0.010775263
25264.0 0.009697737
25725.0 0.008727964
26190.0 0.007855168
26657.0 0.0070696506
27085.0 0.0063626855
