4504.0 0.1
4727.0 0.19
4922.0 0.271
5172.0 0.3439
5623.0 0.30951
6088.0 0.378559
6509.0 0.3407031
6905.0 0.3066328
7274.0 0.2759695
7642.0 0.24837255
7998.0 0.2235353
8359.0 0.20118177
8517.0 0.2810636
8732.0 0.35295725
9109.0 0.31766152
9497.0 0.28589535
9861.0 0.25730583
10230.0 0.23157524
10612.0 0.20841771
10996.0 0.18757595
11377.0 0.16881835
11733.0 0.15193652
12083.0 0.13674286
12431.0 0.12306858
12774.0 0.110761724
13123.0 0.09968555
13522.0 0.08971699
13944.0 0.080745295
14354.0 0.072670765
14789.0 0.065403685
15245.0 0.05886332
15682.0 0.05297699
16112.0 0.04767929
16541.0 0.04291136
16954.0 0.038620222
17367.0 0.034758203
17787.0 0.03128238
18219.0 0.028154144
18684.0 0.12533873
19173.0 0.21280485
19639.0 0.29152438
20101.0 0.26237193
20538.0 0.23613474
20989.0 0.21252127
21447.0 0.19126914
21907.0 0.17214222
22343.0 0.154928
22747.0 0.1394352
23146.0 0.12549168
23552.0 0.11294252
23972.0 0.10164826
24372.0 0.09148344
24776.0 0.08233509
25197.0 0.07410158
25607.0 0.06669143
25744.0 0.16002229
26020.0 0.24402006
26551.0 0.31961805
26973.0 0.28765625
27256.0 0.35889062
27665.0 0.32300156
28084.0 0.2907014
28532.0 0.26163125
28997.0 0.33546814
