4946.0 0.0
5383.0 0.0
5803.0 0.0
6197.0 0.0
6637.0 0.0
7120.0 0.0
7606.0 0.0
8033.0 0.0
8472.0 0.0
8906.0 0.0
9336.0 0.0
9777.0 0.0
10191.0 0.0
10614.0 0.0
11030.0 0.0
11453.0 0.0
11884.0 0.0
12324.0 0.0
12764.0 0.0
13253.0 0.0
13758.0 0.0
14216.0 0.0
14666.0 0.0
15106.0 0.0
15540.0 0.0
15936.0 0.0
16348.0 0.0
16752.0 0.0
17111.0 0.0
17470.0 0.0
17885.0 0.0
18353.0 0.0
18886.0 0.1
19418.0 0.19
19941.0 0.271
20432.0 0.2439
20884.0 0.21951
21295.0 0.197559
21686.0 0.1778031
22084.0 0.1600228
22478.0 0.14402051
22908.0 0.12961847
23338.0 0.11665662
23751.0 0.10499095
24183.0 0.094491854
24604.0 0.08504267
25038.0 0.07653841
25474.0 0.06888457
25922.0 0.061996106
26358.0 0.055796497
26802.0 0.050216846
27224.0 0.045195162
27661.0 0.040675648
28091.0 0.03660808
28511.0 0.032947272
28926.0 0.029652545
29298.0 0.02668729
