4894.0 0.0
5287.0 0.0
5683.0 0.0
6096.0 0.0
6513.0 0.1
6932.0 0.09
7385.0 0.081
7522.0 0.1729
7851.0 0.15561
8302.0 0.140049
8762.0 0.1260441
9230.0 0.11343969
9708.0 0.10209572
10186.0 0.09188615
10650.0 0.08269753
11094.0 0.07442778
11515.0 0.066985
11935.0 0.060286503
12354.0 0.05425785
12785.0 0.048832066
13238.0 0.04394886
13719.0 0.039553974
14181.0 0.035598576
14645.0 0.03203872
15109.0 0.028834848
15527.0 0.025951363
15944.0 0.023356225
16365.0 0.021020604
16833.0 0.018918544
17045.0 0.11702669
17205.0 0.20532402
17630.0 0.18479162
18064.0 0.16631246
18520.0 0.14968121
19015.0 0.23471309
19473.0 0.21124178
19960.0 0.2901176
20081.0 0.36110583
20437.0 0.32499525
20557.0 0.39249572
20936.0 0.35324615
21448.0 0.41792154
21938.0 0.47612938
22504.0 0.5285165
22685.0 0.5756648
22836.0 0.6180983
23250.0 0.5562885
23633.0 0.50065964
24065.0 0.45059368
24551.0 0.5055343
25062.0 0.5549809
25533.0 0.49948278
26029.0 0.5495345
26519.0 0.59458107
26973.0 0.53512293
27408.0 0.48161066
27819.0 0.4334496
28186.0 0.39010462
28552.0 0.35109416
28907.0 0.31598476
29268.0 0.28438628
