4587.0 0.0
4939.0 0.0
5279.0 0.0
5625.0 0.0
5966.0 0.0
6307.0 0.0
6644.0 0.0
6969.0 0.0
7290.0 0.0
7610.0 0.0
7793.0 0.1
7935.0 0.19
8242.0 0.171
8554.0 0.1539
8865.0 0.13851
9083.0 0.224659
9348.0 0.3021931
9469.0 0.37197378
9940.0 0.3347764
10340.0 0.40129876
10589.0 0.4611689
10726.0 0.515052
11107.0 0.4635468
11490.0 0.41719213
11880.0 0.3754729
12265.0 0.3379256
12658.0 0.40413305
13045.0 0.36371976
13427.0 0.3273478
13813.0 0.294613
14187.0 0.2651517
14543.0 0.23863652
14901.0 0.21477288
15259.0 0.19329558
15605.0 0.17396604
15953.0 0.15656942
16304.0 0.14091249
16653.0 0.12682123
16995.0 0.11413911
17327.0 0.1027252
17660.0 0.09245268
17998.0 0.08320741
18339.0 0.07488667
18672.0 0.067398004
19005.0 0.060658205
19330.0 0.054592382
19649.0 0.049133144
19975.0 0.04421983
20343.0 0.039797846
20707.0 0.035818063
21093.0 0.032236256
21526.0 0.12901263
21998.0 0.21611136
22447.0 0.29450023
22572.0 0.3650502
22897.0 0.32854518
23318.0 0.39569068
23737.0 0.4561216
24126.0 0.41050944
24471.0 0.3694585
24812.0 0.33251265
25123.0 0.2992614
25431.0 0.26933524
25733.0 0.24240172
26032.0 0.21816155
26333.0 0.19634539
26636.0 0.17671086
26935.0 0.15903977
27235.0 0.14313579
27537.0 0.12882221
27837.0 0.11593999
28131.0 0.10434599
28424.0 0.093911394
28717.0 0.08452025
29012.0 0.07606823
29311.0 0.0684614
