4387.0 1.0
4659.0 0.9
5035.0 0.81
5402.0 0.729
5763.0 0.6561
6114.0 0.59049
6489.0 0.531441
6864.0 0.4782969
7234.0 0.43046722
7646.0 0.4874205
8093.0 0.53867847
8544.0 0.5848106
8949.0 0.62632954
9127.0 0.6636966
9335.0 0.6973269
9702.0 0.62759423
10095.0 0.6648348
10439.0 0.5983513
10841.0 0.6385162
11283.0 0.67466456
11729.0 0.70719814
12188.0 0.7364783
12659.0 0.7628305
13095.0 0.7865474
13539.0 0.8078927
13938.0 0.82710344
14067.0 0.8443931
14307.0 0.85995376
14468.0 0.8739584
14664.0 0.8865625
14793.0 0.8979063
