5063.0 0.0
5541.0 0.0
6016.0 0.0
6464.0 0.0
6870.0 0.0
7276.0 0.0
7696.0 0.0
8138.0 0.0
8577.0 0.0
9071.0 0.0
9587.0 0.0
10092.0 0.0
10586.0 0.0
11100.0 0.0
11601.0 0.0
12058.0 0.0
12529.0 0.0
13006.0 0.0
13430.0 0.0
13874.0 0.0
14364.0 0.0
14878.0 0.0
15316.0 0.1
15761.0 0.09
16189.0 0.081
16653.0 0.0729
16784.0 0.16561
17187.0 0.149049
17726.0 0.2341441
18253.0 0.21072969
18754.0 0.18965672
19273.0 0.17069104
19797.0 0.15362194
20312.0 0.13825975
20792.0 0.12443378
21275.0 0.1119904
21758.0 0.10079136
22247.0 0.09071222
22733.0 0.081640996
23231.0 0.0734769
23723.0 0.06612921
24209.0 0.05951629
24705.0 0.05356466
25193.0 0.048208192
25663.0 0.043387376
25790.0 0.13904864
26126.0 0.22514378
26536.0 0.2026294
26914.0 0.18236646
27074.0 0.26412982
27298.0 0.33771682
27690.0 0.30394515
28113.0 0.27355063
28572.0 0.24619557
