4846.0 0.0
5313.0 0.0
5765.0 0.0
6202.0 0.0
6640.0 0.0
7089.0 0.0
7531.0 0.0
7943.0 0.0
8366.0 0.0
8775.0 0.0
8897.0 0.1
9061.0 0.19
9208.0 0.271
9370.0 0.3439
9604.0 0.40951
10039.0 0.368559
10469.0 0.3317031
10905.0 0.29853278
11302.0 0.2686795
11736.0 0.24181156
12184.0 0.2176304
12635.0 0.19586736
13066.0 0.17628063
13519.0 0.15865256
13981.0 0.14278731
14412.0 0.12850858
14835.0 0.11565772
15263.0 0.10409195
15697.0 0.09368275
16110.0 0.08431448
16520.0 0.07588303
16971.0 0.06829473
17448.0 0.061465256
17937.0 0.055318728
18430.0 0.049786855
18928.0 0.04480817
19420.0 0.04032735
19900.0 0.036294617
20369.0 0.032665156
20794.0 0.02939864
21212.0 0.026458776
21614.0 0.0238129
22041.0 0.021431608
22455.0 0.019288449
22908.0 0.017359603
23420.0 0.015623643
23937.0 0.014061279
24407.0 0.012655151
24915.0 0.0113896355
25436.0 0.110250674
25935.0 0.0992256
26430.0 0.08930305
26941.0 0.08037274
27415.0 0.07233547
27898.0 0.06510192
28392.0 0.058591727
28868.0 0.052732553
29353.0 0.0474593
