4578.0 0.1
4775.0 0.19
5023.0 0.271
5161.0 0.3439
5443.0 0.30951
5594.0 0.378559
5858.0 0.3407031
5985.0 0.40663278
6259.0 0.3659695
6661.0 0.42937255
7076.0 0.4864353
7198.0 0.5377918
7489.0 0.4840126
7911.0 0.53561133
8296.0 0.5820502
8530.0 0.62384516
8671.0 0.66146064
9055.0 0.6953146
9469.0 0.7257831
9865.0 0.7532048
10232.0 0.67788434
10607.0 0.6100959
11001.0 0.6490863
11391.0 0.6841777
11783.0 0.71575993
12167.0 0.7441839
12550.0 0.76976556
12912.0 0.69278896
13259.0 0.62351006
13596.0 0.5611591
13912.0 0.50504315
14237.0 0.45453885
14555.0 0.40908498
14871.0 0.36817646
15181.0 0.33135882
15497.0 0.29822293
15835.0 0.26840064
16172.0 0.24156058
16497.0 0.21740453
16816.0 0.19566406
17133.0 0.17609766
17445.0 0.1584879
17759.0 0.1426391
18057.0 0.1283752
18356.0 0.11553767
18659.0 0.10398391
18968.0 0.09358552
19279.0 0.084226966
19579.0 0.07580427
19889.0 0.06822384
20191.0 0.06140146
20491.0 0.055261314
20786.0 0.04973518
21091.0 0.04476166
21396.0 0.040285498
21696.0 0.036256947
21983.0 0.032631252
22279.0 0.029368127
22577.0 0.026431315
22893.0 0.023788184
23205.0 0.021409364
23511.0 0.019268429
23814.0 0.017341586
24120.0 0.015607427
24425.0 0.014046684
24722.0 0.012642016
25025.0 0.011377814
25328.0 0.010240033
25634.0 0.009216029
25933.0 0.008294427
26224.0 0.007464984
26516.0 0.0067184856
26809.0 0.006046637
27115.0 0.0054419735
27449.0 0.004897776
27787.0 0.004407998
28113.0 0.0039671985
28465.0 0.0035704786
28870.0 0.10321343
29309.0 0.19289209
29721.0 0.27360287
